-4.0	1966							
-4.0	1806							
-4.0	1627	1911						
-3.5	1699	1819						
-3.5	1572	1748						
-3.5	1628	1838	1965					
-3.5	1665	1843						
-3.0	1708							
-3.0	1635	1977						
-3.0	1700	1791	1845	1864	1885			
-2.5	1586	1704	1762	1923				
-2.5	1573	1767	1773	1925				
-2.5	1596	1894						
-2.5	1563	1764	1872	1914	1964			
-2.5	1608	1746	1799	1944				
-2.0	1565	1698	1765	1839	1856	1873	1895	1981
-2.0	1681	1714	1769	1818	1822	1844	1963												
-2.0	1574	1597	1620	1686	1784	1918													
-2.0	1564	1634	1645	1648	1741	1820	1962	1985											
-2.0	1550	1598	1631	1685	1703	1749	1757	1926	1936	1959	1986								
-1.5	1551	1599	1650	1654	1670	1792	1798	1899	1921										
-1.5	1629	1701	1772	1803	1849	1880	1910	1930	1968										
-1.5	1566	1568	1638	1805	1823	1900	1969												
-1.5	1575	1660	1821	1835	1887	1893	1909	1954	1980										
-1.5	1589	1625	1687	1697	1709	1728	1755	1774	1871										
-1.0	1587	1616	1630	1633	1657	1662	1666	1693	1715	1723	1782	1874	1988						
-1.0	1562	1571	1604	1614	1626	1632	1688	1743	1811	1826	1841	1861	1879						
-1.0	1722	1738	1948																
-1.0	1569	1605	1636	1664	1707	1733	1758	1771	1797	1836	1929	1933	1941	1952	1967	1987			
-1.0	1558	1567	1609	1663	1676	1734	1770	1783	1789	1810	1837	1847	1858	1866	1876	1905	1913	1949	1957
-0.5	1560	1570	1591	1667	1679	1732	1785	1816	1896	1919									
-0.5	1552	1595	1639	1644	1649	1674	1691	1813	1848	1931									
-0.5	1603	1682	1852	1971												
-0.5	1592	1612	1643	1690	1727	1780	1850	1853	1855	1982						
-0.5	1588	1619	1621	1735	1751	1759	1778	1851	1854	1868	1870	1875	1890	1891	1917	1939
0.0	1553	1555	1637	1740	1766	1790	1860	1863	1869	1912	1960					
0.0	1590	1606	1652	1702	1744	1761	1825	1859	1947	1990						
0.0	1582	1607	1651	1655	1671	1710	1779	1804	1829	1888	1898	1940	1943			
0.0	1640	1646	1689	1750	1800	1955										
0.0	1580	1611	1623	1642	1647	1661	1668	1678	1737	1796	1886	1901	1908	1932	1956	
0.5	1557	1653	1696	1775	1795	1877	1881	1907	1942							
0.5	1559	1576	1579	1594	1726	1736	1745	1747	1763	1840	1865	1934				
0.5	1610	1669	1712	1718	1983											
0.5	1618	1624	1719	1812	1883	1897	1915	1970	1976							
0.5	1556	1583	1600	1711	1801	1817	1945									
1.0	1581	1613	1615	1656	1677	1705	1730	1742	1752	1786	1794	1862	1892	1906	1973	
1.0	1683	1695	1807	1834	1867	1882	1884	1922								
1.0	1706	1787	1842	1961	1978											
1.0	1561	1832								
1.0	1641	1672	1680	1760	1793	1809	1857	1953		
1.5	1593	1721	1831	1846	1935	1946	1951			
1.5	1617	1659	1675	1692	1713	1720	1768	1808	1920	
1.5	1724	1815	1950	1989						
1.5	1578	1585	1622	1731	1802	1916				
1.5	1776	1788	1814	1828	1924	1928				
2.0	1554	1601	1729	1754	1777	1878	1903	1904	1958	1972
2.0	1694	1716	1781	1974						
2.0	1577	1824	1937							
2.0	1830	1927								
2.0	1717	1739	1756	1827	1833					
2.5	1753	1979								
2.5	1684	1902								
2.5	1584	1673								
3.0	1658	1984								
3.0	1725	1975
3.5	1889	
3.5	1602	
4.0	1938	
